40 9
-100 0 -1000 1
100 0 -1000 1
100 0 1000 1
-100 0 1000 1
-50 2 -800 1
-50 2 -750 1
50 2 -750 1
50 2 -800 1
10 2 -870 1
10 2 -850 1
50 2 -870 1
50 2 -850 1
-15 2 -400 1
-15 2 -100 1
15 2 -100 1
15 2 -400 1
-15 2 400 1
-15 2 100 1
15 2 100 1
15 2 400 1
-15 2 900 1
-15 2 600 1
15 2 600 1
15 2 900 1
-30 2 -950 1
-30 2 -850 1
-10 2 -850 1
-10 2 -950 1
10 2 -950 1
10 2 -930 1
50 2 -930 1
50 2 -950 1
45 2 -930 1
50 2 -930 1
15 2 -870 1
10 2 -870 1
10 2 -870 1
10 2 -850 1
50 2 -850 1
50 2 -870 1
4 209 219 245 0 1 2 3
4 255 255 255 4 5 6 7
4 255 255 255 8 9 11 10
4 255 255 255 12 13 14 15
4 255 255 255 16 17 18 19
4 255 255 255 20 21 22 23
4 255 255 255 24 25 26 27
4 255 255 255 28 29 30 31
4 255 255 255 32 33 34 35
1 0 0 0 999