24 16
0 0 -170 1
0 0 -170 1
-60 0 -170 1
-60 0 170 1
0 0 170 1
0 0 -170 1
0 0 -170 1
0 -60 -170 1
0 -60 170 1
0 0 170 1
0 0 -170 1
0 0 -170 1
60 0 -170 1
60 0 170 1
0 0 170 1
0 0 -170 1
0 0 -170 1
0 60 -170 1
0 60 170 1
0 0 170 1
0 0 0 1
5 0 0 1
0 5 0 1
0 0 5 1
3 176 184 244 5 6 1
4 209 219 245 6 7 2 1
4 176 184 244 7 8 3 2
3 209 219 245 8 9 3
3 176 184 244 10 11 6
4 209 219 245 11 12 7 6
4 176 184 244 12 13 8 7
3 209 219 245 13 14 8
3 176 184 244 15 16 11
4 209 219 245 16 17 12 11
4 176 184 244 17 18 13 12
3 209 219 245 18 19 13
3 176 184 244 0 1 16
4 209 219 245 1 2 17 16
4 176 184 244 2 3 18 17
3 209 219 245 3 4 18
1 0 0 0 999
