v 12.24 105.44 -13.68
v -12.24 105.44 -13.68
v -16.32 76.88 -17.76
v 16.32 76.88 -17.76
v 12.24 121.76 -1.440001
v -12.24 121.76 -1.440001
v -16.32 52.39999 -17.76
v -12.24 121.76 23.04
v -16.32 52.39999 27.12
v 16.32 52.39999 -17.76
v 16.32 52.39999 27.12
v 12.24 121.76 23.04
v -4.08 121.76 27.12
v -12.24 52.39999 35.28
v 12.24 52.39999 35.28
v 4.08 121.76 27.12
v -8.16 138.08 18.96
v -8.16 138.08 2.639999
v 0 138.08 23.04
v 8.16 138.08 2.639999
v 8.16 138.08 18.96
v 16.32 -86.32 -17.76
v 16.32 -86.32 27.12
v 16.32 -16.96 27.12
v 12.24 7.519997 35.28
v -12.24 7.519997 35.28
v -16.32 -16.96 27.12
v -16.32 -86.32 27.12
v -16.32 -86.32 -17.76
v 0 -208.72 27.12
v 0 -208.72 -5.52
v 8.16 -41.44 47.52
v 16.32 -41.44 27.12
v 16.32 -53.68 27.12
v 8.16 -53.68 47.52
v 4.08 -8.800003 47.52
v -4.08 -8.800003 47.52
v -16.32 -53.68 27.12
v -16.32 -41.44 27.12
v -8.16 -41.44 47.52
v -8.16 -53.68 47.52
v 28.56 125.84 84.24
v -24.48 125.84 84.24
v -32.64 125.84 -42.24
v 32.64 125.84 -42.24
v 61.2 125.84 -9.6
v 61.2 125.84 51.6
v -61.2 125.84 -9.6
v -61.2 125.84 51.6
v 81.6 -216.88 27.12
v 0 -249.52 27.12
v 81.6 -245.44 27.12
v -81.6 -245.44 27.12
v -81.6 -216.88 27.12
v 204 -25.12 10.8
v 16.32 -45.52 -17.76
v 16.32 40.16 -17.76
v 204 19.76 10.8
v -204 -25.12 10.8
v -16.32 -45.52 -17.76
v -16.32 40.16 -17.76
v -204 19.76 10.8
v 8.16 -86.32 -30
v 4.08 -208.72 -5.52
v -4.08 -208.72 -5.52
v -8.16 -86.32 -30
v -16.32 -16.96 -17.76
v 16.32 -16.96 -17.76
v 0 -269.92 76.08
v 0 -278.08 18.96
v 0 -253.6 18.96
v 0 -253.6 76.08
v 0 -274 6.720001
v 0 -253.6 2.639999
v 0 -241.36 76.08
v 0 -225.04 -1.440001
v 0 -233.2 35.28
v -16.32 60.56 -25.92
v 16.32 60.56 -25.92
v 4.08 -208.72 27.12
v 9.78 -53.68 47.52
v -4.08 -208.72 27.12
f 4 0 131 0 0 1 2 3
f 4 0 131 0 4 5 1 0
f 3 114 114 114 0 3 4
f 3 114 114 114 1 5 2
f 5 0 131 0 6 2 5 7 8
f 5 0 131 0 3 9 10 11 4
f 4 0 131 0 7 12 13 8
f 4 0 131 0 10 14 15 11
f 4 0 131 0 12 15 14 13
f 4 114 114 114 16 7 5 17
f 4 114 114 114 12 7 16 18
f 4 114 114 114 19 4 11 20
f 4 114 114 114 15 18 20 11
f 4 114 114 114 17 5 4 19
f 5 114 114 114 18 16 17 19 20
f 4 0 131 0 9 21 22 10
f 4 0 131 0 14 10 23 24
f 4 0 131 0 13 25 26 8
f 4 0 131 0 8 27 28 6
f 4 0 131 0 12 15 14 13
f 4 0 131 0 13 14 24 25
f 4 0 131 0 29 22 21 30
f 4 0 131 0 29 30 28 27
f 4 0 255 255 31 32 33 34
f 4 0 255 255 32 31 35 23
f 3 0 255 255 24 23 35
f 4 0 255 255 35 36 25 24
f 4 0 255 255 37 38 39 40
f 4 0 255 255 26 36 39 38
f 4 0 255 255 39 31 34 40
f 4 0 255 255 35 31 39 36
f 3 0 255 255 26 25 36
f 3 20 20 20 41 42 41
f 3 20 20 20 43 44 43
f 3 20 20 20 45 46 45
f 3 20 20 20 44 45 44
f 3 20 20 20 41 46 41
f 3 20 20 20 47 48 47
f 3 20 20 20 48 42 48
f 3 20 20 20 47 43 47
f 4 170 170 170 49 29 50 51
f 4 0 131 0 51 50 29 49
f 4 170 170 170 52 50 29 53
f 4 0 131 0 53 29 50 52
f 4 0 131 0 54 55 56 57
f 4 170 170 170 57 56 55 54
f 4 170 170 170 58 59 60 61
f 4 0 131 0 61 60 59 58
f 3 0 131 0 62 63 21
f 3 0 131 0 28 64 65
f 4 0 131 0 63 62 65 64
f 4 0 131 0 2 66 67 3
f 4 0 131 0 68 69 70 71
f 4 0 131 0 71 70 69 68
f 4 0 131 0 72 69 70 73
f 4 0 131 0 72 73 70 69
f 4 0 131 0 71 74 75 73
f 4 0 131 0 71 73 75 74
f 4 0 131 0 30 75 76 29
f 4 0 131 0 30 29 76 75
f 4 0 131 0 77 2 28 65
f 4 0 131 0 78 62 21 3
f 4 0 131 0 77 65 62 78
f 4 0 131 0 65 28 21 62
f 4 0 131 0 28 2 3 21
f 4 0 131 0 2 77 78 3
f 3 0 131 0 79 80 33
f 3 0 131 0 37 40 81
f 4 0 131 0 27 22 79 81
f 4 0 131 0 37 33 22 27
