v -20.28057 18.51127 -44.17579
v -20.28057 -139.0442 -30.44109
v -28.34594 21.5487 -29.50794
v 0 -138.5902 -41.77939
v 28.34594 21.5487 -29.50794
v 20.28057 -139.0442 -30.44109
v 20.28057 18.51127 -44.17579
v -28.34594 29.66586 -5.265864
v -20.28057 -139.9792 -1.497517
v 20.28057 -139.9792 -1.497517
v 28.34594 29.66586 -5.265864
v -27.38008 125.9567 -30.74416
v -27.98239 125.3037 -6.20421
v -20.28057 126.7125 -43.97048
v 20.28057 126.7125 -43.97048
v 27.38008 125.9567 -30.74416
v 27.98239 125.3037 -6.20421
v -20.28057 38.11681 10.75622
v -20.28057 124.6616 9.056779
v 20.28057 124.6616 9.056779
v 20.28057 38.11681 10.75622
v -21.08954 254.797 -36.27308
v 0 253.4348 -49.59415
v 21.08954 254.797 -36.27308
v -20.02738 254.4312 -15.94418
v 20.02738 254.4312 -15.94418
v 0 254.265 -3.57389
v 0 350.9515 -25.24351
v -8.396475 350.8415 -30.74121
v 8.396475 350.8415 -30.74121
v 0 350.9515 -37.3998
v 0 29.34115 31.67894
v 0 -140.3268 8.582405
v 0 17.90923 -49.59415
v 0 127.1522 -49.59415
v 0 148.8194 8.582405
v -87.69739 266.785 -26.94297
v 0 235.7708 -26.69944
v 0 284.5099 -26.69944
v -87.90665 233.5131 -26.94297
v 87.69739 266.785 -26.94297
v 87.90665 233.5131 -26.94297
v 0 -78.40666 -54.08215
v -295.421 -29.34447 -36.08354
v 0 45.10882 -54.08215
v -295.3539 -90.94807 -36.63762
v 295.421 -29.34447 -36.08354
v 295.3539 -90.94807 -36.63762
v -147.9658 -100.1878 17.18815
v -147.9658 -43.4598 -44.63393
v -147.9658 -67.95374 17.18815
v -147.9658 -98.13604 -101.2346
v 147.9658 -100.1878 17.18815
v 147.9658 -43.4598 -44.63393
v 147.9658 -67.95374 17.18815
v 147.9658 -98.13604 -101.2346
v -147.9658 -70.64227 -101.2346
v 147.9658 -70.64227 -101.2346
v 0 -176.1243 -25.43427
v -20.14487 -147.2014 -28.05629
v 0 -147.1897 -39.29876
v -10.05934 -175.7041 -16.70774
v 20.14487 -147.2014 -28.05629
v 10.05934 -175.7041 -16.70774
v -20.14487 -148.0995 -4.12407
v 0 -176.1243 -8.55577
v 0 -148.3953 6.51432
v 20.14487 -148.0995 -4.12407
v 64.71131 -147.1031 44.37415
v 0 -139.6086 -99.82001
v 61.36224 -141.023 -74.93383
v 0 -148.6507 70.90772
v -61.36224 -141.023 -74.93383
v -64.71131 -147.1031 44.37415
v 86.93916 -144.3423 -16.98153
v -86.93916 -144.3423 -16.98153
v 0 118.272 30.93723
v -20.28057 124.239 8.915649
v 20.28057 124.239 8.915649
v 0 148.3967 8.441276
f 3 24 99 66 0 1 2
f 3 24 99 66 3 1 0
f 3 24 99 66 4 5 6
f 3 24 99 66 6 5 3
f 3 24 99 66 7 2 8
f 3 24 99 66 8 2 1
f 3 24 99 66 9 4 10
f 3 24 99 66 5 4 9
f 3 24 99 66 11 7 12
f 3 24 99 66 2 7 11
f 3 24 99 66 0 2 13
f 3 24 99 66 13 2 11
f 3 24 99 66 14 4 6
f 3 24 99 66 15 4 14
f 3 24 99 66 16 10 15
f 3 24 99 66 15 10 4
f 3 24 99 66 12 17 18
f 3 24 99 66 7 17 12
f 3 24 99 66 19 20 16
f 3 24 99 66 16 20 10
f 3 24 99 66 21 13 11
f 3 24 99 66 22 13 21
f 3 24 99 66 15 14 23
f 3 24 99 66 23 14 22
f 3 24 99 66 12 24 11
f 3 24 99 66 11 24 21
f 3 24 99 66 15 25 16
f 3 24 99 66 23 25 15
f 3 24 99 66 26 27 24
f 3 24 99 66 24 27 28
f 3 24 99 66 25 27 26
f 3 24 99 66 29 27 25
f 3 24 99 66 21 30 22
f 3 24 99 66 28 30 21
f 3 24 99 66 22 30 23
f 3 24 99 66 23 30 29
f 3 24 99 66 17 8 31
f 3 24 99 66 31 8 32
f 3 24 99 66 31 9 20
f 3 24 99 66 32 9 31
f 3 24 99 66 33 0 34
f 3 24 99 66 34 0 13
f 3 24 99 66 34 6 33
f 3 24 99 66 14 6 34
f 3 24 99 66 26 24 35
f 3 24 99 66 35 24 18
f 3 24 99 66 35 25 26
f 3 24 99 66 19 25 35
f 3 24 99 66 36 37 38
f 3 24 99 66 39 37 36
f 3 24 99 66 38 37 40
f 3 24 99 66 40 37 41
f 3 24 99 66 42 43 44
f 3 24 99 66 45 43 42
f 3 24 99 66 44 46 42
f 3 24 99 66 42 46 47
f 3 24 99 66 48 49 50
f 3 24 99 66 51 49 48
f 3 24 99 66 52 53 54
f 3 24 99 66 55 53 52
f 3 24 99 66 0 33 3
f 3 24 99 66 3 33 6
f 3 24 99 66 8 17 7
f 3 24 99 66 10 20 9
f 3 24 99 66 22 34 13
f 3 24 99 66 14 34 22
f 3 24 99 66 12 18 24
f 3 24 99 66 25 19 16
f 3 24 99 66 28 21 24
f 3 24 99 66 25 23 29
f 3 24 99 66 28 27 30
f 3 24 99 66 30 27 29
f 3 24 99 66 49 51 56
f 3 24 99 66 53 55 57
f 3 181 82 41 58 59 60
f 3 181 82 41 61 59 58
f 3 181 82 41 58 62 60
f 3 181 82 41 63 62 58
f 3 181 82 41 64 65 66
f 3 181 82 41 61 65 64
f 3 181 82 41 67 65 66
f 3 181 82 41 63 65 67
f 3 181 82 41 66 59 64
f 3 181 82 41 60 59 66
f 3 181 82 41 66 62 67
f 3 181 82 41 60 62 66
f 3 181 82 41 68 69 70
f 3 181 82 41 71 69 68
f 3 181 82 41 72 69 73
f 3 181 82 41 73 69 71
f 3 181 82 41 60 65 58
f 3 181 82 41 66 65 60
f 3 181 82 41 61 64 59
f 3 181 82 41 63 67 62
f 3 181 82 41 58 65 61
f 3 181 82 41 58 65 63
f 3 181 82 41 68 70 74
f 3 181 82 41 72 73 75
f 3 57 61 250 17 76 77
f 3 57 61 250 31 76 17
f 3 57 61 250 78 76 20
f 3 57 61 250 20 76 31
f 3 57 61 250 76 79 77
f 3 57 61 250 78 79 76
