32 24
0 0 -30 1
0 0 -30 1
-10 0 -30 1
-30 0 -10 1
-30 0 10 1
-10 0 30 1
0 0 30 1
0 0 -30 1
0 0 -30 1
0 -10 -30 1
0 -30 -10 1
0 -30 10 1
0 -10 30 1
0 0 30 1
0 0 -30 1
0 0 -30 1
10 0 -30 1
30 0 -10 1
30 0 10 1
10 0 30 1
0 0 30 1
0 0 -30 1
0 0 -30 1
0 10 -30 1
0 30 -10 1
0 30 10 1
0 10 30 1
0 0 30 1
0 0 0 1
5 0 0 1
0 5 0 1
0 0 5 1
3 2 7 8 1
4 10 8 9 2 1
4 2 9 10 3 2
4 2 10 11 4 3
4 10 11 12 5 4
3 10 12 13 5
3 2 14 15 8
4 2 15 16 9 8
4 10 16 17 10 9
4 10 17 18 11 10
4 2 18 19 12 11
3 2 19 20 12
3 10 21 22 15
4 10 22 23 16 15
4 2 23 24 17 16
4 2 24 25 18 17
4 10 25 26 19 18
3 10 26 27 19
3 2 0 1 22
4 2 1 2 23 22
4 10 2 3 24 23
4 10 3 4 25 24
4 2 4 5 26 25
3 2 5 6 26
1 0 999
