32 24
0 0 -90 1
0 0 -90 1
-45 0 -90 1
-40 0 -60 1
-25 0 -55 1
-25 0 55 1
0 0 55 1
0 0 -90 1
0 0 -90 1
0 -45 -90 1
0 -40 -60 1
0 -25 -55 1
0 -25 55 1
0 0 55 1
0 0 -90 1
0 0 -90 1
45 0 -90 1
40 0 -60 1
25 0 -55 1
25 0 55 1
0 0 55 1
0 0 -90 1
0 0 -90 1
0 45 -90 1
0 40 -60 1
0 25 -55 1
0 25 55 1
0 0 55 1
0 0 0 1
5 0 0 1
0 5 0 1
0 0 5 1
3 209219245 7 8 1
4 176184244 8 9 2 1
4 209219245 9 10 3 2
4 176184244 10 11 4 3
4 209219245 11 12 5 4
3 176184244 12 13 5
3 209219245 14 15 8
4 176184244 15 16 9 8
4 209219245 16 17 10 9
4 176184244 17 18 11 10
4 209219245 18 19 12 11
3 176184244 19 20 12
3 209219245 21 22 15
4 176184244 22 23 16 15
4 209219245 23 24 17 16
4 176184244 24 25 18 17
4 209219245 25 26 19 18
3 176184244 26 27 19
3 209219245 0 1 22
4 176184244 1 2 23 22
4 209219245 2 3 24 23
4 176184244 3 4 25 24
4 209219245 4 5 26 25
3 176184244 5 6 26
1 0 999