40 27
0 0 -30 1
0 0 -30 1
-10 0 -30 1
-30 0 -10 1
-30 0 10 1
-10 0 30 1
0 0 30 1
0 0 -30 1
0 0 -30 1
0 -10 -30 1
0 -30 -10 1
0 -30 10 1
0 -10 30 1
0 0 30 1
0 0 -30 1
0 0 -30 1
10 0 -30 1
30 0 -10 1
30 0 10 1
10 0 30 1
0 0 30 1
0 0 -30 1
0 0 -30 1
0 10 -30 1
0 30 -10 1
0 30 10 1
0 10 30 1
0 0 30 1
0 0 0 1
5 0 0 1
0 5 0 1
0 0 5 1
-10 -30 -10 1
10 -30 -10 1
10 -60 -10 1
-10 -60 -10 1
-10 -30 10 1
10 -30 10 1
10 -60 10 1
-10 -60 10 1
3 69189003 7 8 1
4 69189003 8 9 2 1
4 87215001 9 10 3 2
4 87215001 10 11 4 3
4 69189003 11 12 5 4
3 69189003 12 13 5
3 87215001 14 15 8
4 87215001 15 16 9 8
4 69189003 16 17 10 9
4 69189003 17 18 11 10
4 87215001 18 19 12 11
3 87215001 19 20 12
3 69189003 21 22 15
4 69189003 22 23 16 15
4 87215001 23 24 17 16
4 87215001 24 25 18 17
4 69189003 25 26 19 18
3 69189003 26 27 19
3 87215001 0 1 22
4 87215001 1 2 23 22
4 69189003 2 3 24 23
4 69189003 3 4 25 24
4 87215001 4 5 26 25
3 87215001 5 6 26
4 152143006 32 33 34 35
4 189134003 33 37 38 34
4 152143006 36 37 38 39
4 189134003 36 32 35 39
1 0 999
