17 14
-80 0 -40 1
-80 60 -40 1
-80 90 0 1
-80 60 40 1
-80 0 40 1
80 0 -40 1
80 60 -40 1
80 90 0 1
80 60 40 1
80 0 40 1
160 0 -40 1
160 110 -40 1
160 110 40 1
160 0 40 1
80 110 -40 1
80 110 40 1
120 280 0 1
5 212 198 244 0 1 2 3 4
5 212 198 244 5 6 7 8 9
4 212 198 244 0 1 6 5
4 0 0 4 1 2 7 6
4 0 0 4 2 3 8 7
4 209 219 245 9 8 3 4
4 209 219 245 5 10 11 14
4 212 198 244 10 11 12 13
4 209 219 245 13 12 15 9
4 212 198 244 5 9 15 14
3 178 178 000 11 12 16
3 140 140 000 12 15 16
3 178 178 000 15 14 16
3 140 140 000 14 11 16
1 0 0 0 999